183460,183460,84472
